dim 200 200 200
putBox 49 53 72 74 61 64 0.0 0.0 1.0 1.0
putBox 49 53 72 73 59 62 0.0 0.0 1.0 1.0
putBox 50 52 72 73 63 64 0.0 0.0 0.0 0.0
putBox 49 53 67 72 61 64 1.0 1.0 1.0 1.0
putBox 52 53 70 71 63 64 0.0 0.0 0.0 1.0
putBox 49 50 70 71 63 64 0.0 0.0 0.0 1.0
putBox 49 53 68 69 63 67 1.0 1.0 0.0 1.0
putBox 49 53 69 70 63 67 1.0 1.0 0.0 1.0
putBox 48 54 62 68 55 63 1.0 1.0 1.0 1.0
putBox 50 52 65 67 54 55 1.0 1.0 1.0 1.0
putBox 54 55 64 68 56 60 1.0 1.0 1.0 1.0
putBox 54 55 64 68 56 62 1.0 1.0 1.0 1.0
putBox 47 50 64 68 56 60 1.0 1.0 1.0 1.0
putBox 47 50 64 68 56 62 1.0 1.0 1.0 1.0	
putBox 52 53 60 62 59 60 0.99 1.0 0.0 1.0
putBox 49 50 60 62 59 60 0.99 1.0 0.0 1.0
putBox 52 53 59 60 59 62 0.99 1.0 0.0 1.0
putBox 49 50 59 60 59 62 0.99 1.0 0.0 1.0